1.046752286810009869e+00 -3.626029296874174745e-01
-1.684048823239242765e+00 -3.978950583730852530e-01
-9.447766671048247744e-01 -4.204826863908578960e-01
1.066967775584643618e+00 6.863590945880965188e-02
6.083166711919533176e-01 -7.645741938002280358e-02
1.255337628734324529e+00 -6.466715690580805420e-01
-2.698784587092987186e-01 8.627952595576380279e-01
-4.569000724110848788e-01 -3.666953499585050014e-01
-7.917878810145253521e-01 2.891519141987918678e-02
7.320696481881107109e-01 6.363526434406642229e-01
-1.054492337696214310e+00 3.288755133804679431e-01
3.484667245648347955e-01 3.383557258965740333e-01
3.161677052410605815e-01 1.168917044129574034e-01
-4.313851434446205890e-01 2.509230683231614481e-02
-4.858898580766345954e-01 2.993080942615834461e-01
6.118885185084800282e-01 8.208572711608164152e-02
-4.081091920069461199e-01 2.926221463980821502e-01
-1.119070450366257685e-01 -3.004699563212491764e-01
5.122612598843993004e-01 -5.690154313399316960e-02
1.419060767490878949e-01 -4.518430095960969672e-01
