2.648191798821480144e-03
2.716561270541555887e-03
1.179914491194694300e-03
1.765305046196658694e-03
8.906139523695909103e-04
1.641207256797229744e-03
1.241050240605995249e-03
2.204434730518771250e-03
2.388913515379511958e-03
1.866932350855881424e-03
4.207960655921468354e-03
2.168254338939381437e-03
3.181637993501579796e-03
9.718780561018398835e-04
9.449160889434253530e-03
1.346500556210795995e-03
6.222142988057355285e-04
1.620780294695516304e-03
8.752939824700865920e-04
1.562136046216802731e-03
